696
182 971
564 839
26 287
54 206
661 714
907 974
132 192
492 567
387 424
930 998
281 371
256 323
785 816
285 322
464 510
612 656
665 674
821 855
6 58
9 30
22 42
101 122
123 148
167 187
290 307
479 530
483 511
571 621
825 838
861 883
54 64
179 206
339 353
350 362
380 408
436 443
493 503
607 619
629 639
636 645
725 744
17 24
68 73
90 92
119 124
140 148
172 176
178 181
192 193
195 203
219 223
232 237
241 249
273 278
303 310
367 374
390 396
431 432
467 468
565 566
579 595
582 589
584 591
610 611
654 659
694 698
752 755
766 776
791 797
827 834
862 872
869 872
876 879
885 886
889 912
943 950
945 966
942 954
986 996
19 20
32 35
54 55
59 60
68 71
76 78
107 108
110 112
114 115
118 119
121 127
130 131
130 132
130 134
135 137
139 140
150 157
150 154
149 153
159 164
160 162
182 183
182 184
180 182
194 201
195 197
203 204
210 214
210 213
232 234
238 243
234 240
242 243
253 254
256 258
261 266
264 266
269 273
282 285
293 297
304 310
304 305
322 330
314 327
313 318
329 333
341 342
346 352
349 354
351 355
387 388
388 393
400 404
400 401
404 405
406 408
415 417
418 423
419 421
416 419
442 446
444 454
442 446
444 447
455 461
455 457
470 471
471 483
473 475
475 479
481 484
484 488
487 491
493 497
501 505
504 506
499 504
508 509
516 518
522 524
523 524
525 533
527 531
543 552
546 551
550 554
556 565
557 559
559 561
571 575
591 592
585 599
605 607
614 619
624 625
672 686
674 675
681 683
694 697
704 705
712 718
716 717
723 727
728 740
731 737
740 742
761 764
766 769
766 770
776 780
794 795
794 799
799 804
800 804
808 810
815 819
836 838
839 842
845 869
850 864
854 858
857 858
878 882
889 898
891 895
891 896
896 898
912 915
916 921
923 927
926 927
930 933
936 940
950 956
954 955
968 971
973 974
975 979
978 980
989 990
994 996
6 316
7 315
10 35
11 34
11 69
12 68
12 239
13 238
13 801
14 800
15 83
16 82
17 127
18 126
18 150
19 149
19 623
20 622
22 551
23 550
25 324
26 323
27 68
28 67
28 42
29 41
30 320
31 319
33 134
34 133
34 619
35 618
39 145
40 144
41 746
42 745
54 179
55 178
57 219
58 218
58 907
59 906
59 234
60 233
62 297
63 296
63 448
64 447
70 587
71 586
74 104
75 103
76 809
77 808
79 295
80 294
81 110
82 109
82 244
83 243
85 275
86 274
88 165
89 164
91 143
92 142
93 596
94 595
101 460
102 459
102 900
103 899
103 459
104 458
105 307
106 306
107 436
108 435
115 221
116 220
117 273
118 272
119 278
120 277
125 382
126 381
126 313
127 312
137 438
138 437
139 560
140 559
141 371
142 370
144 394
145 393
148 483
149 482
151 508
152 507
156 668
157 667
157 637
158 636
161 663
162 662
162 283
163 282
163 617
164 616
172 493
173 492
175 210
176 209
182 729
183 728
186 350
187 349
190 282
191 281
196 833
197 832
197 425
198 424
199 747
200 746
203 781
204 780
205 429
206 428
211 903
212 902
212 965
213 964
215 407
216 406
218 939
219 938
220 434
221 433
240 543
241 542
243 349
244 348
245 941
246 940
246 565
247 564
253 428
254 427
256 803
257 802
260 634
261 633
261 364
262 363
265 545
266 544
266 494
267 493
270 912
271 911
271 444
272 443
274 449
275 448
281 351
282 350
287 797
288 796
288 994
289 993
290 606
291 605
293 415
294 414
296 518
297 517
304 683
305 682
308 800
309 799
315 640
316 639
335 576
336 575
337 641
338 640
341 376
342 375
352 887
353 886
362 774
363 773
374 440
375 439
377 562
378 561
378 789
379 788
380 913
381 912
388 546
389 545
390 597
391 596
391 413
392 412
392 808
393 807
408 842
409 841
410 706
411 705
419 712
420 711
423 818
424 817
435 636
436 635
445 586
446 585
447 964
448 963
456 530
457 529
463 621
464 620
478 529
479 528
487 591
488 590
501 923
502 922
502 548
503 547
517 969
518 968
526 873
527 872
527 870
528 869
553 805
554 804
571 667
572 666
572 958
573 957
575 813
576 812
585 635
586 634
607 763
608 762
618 777
619 776
622 767
623 766
632 990
633 989
633 906
634 905
642 658
643 657
648 682
649 681
651 759
652 758
656 764
657 763
657 699
658 698
669 749
670 748
672 905
673 904
674 968
675 967
685 986
686 985
687 919
688 918
697 863
698 862
709 848
710 847
711 735
712 734
716 782
717 781
723 995
724 994
756 976
757 975
762 852
763 851
783 866
784 865
807 973
808 972
822 877
823 876
827 831
828 830
838 889
839 888
881 983
882 982
909 961
910 960
918 999
919 998
932 985
933 984
979 988
980 987
31 474
32 473
31 950
32 949
66 367
67 366
66 770
67 769
208 327
209 326
208 343
209 342
208 381
209 380
208 794
209 793
300 323
301 322
300 554
301 553
300 511
301 510
301 613
302 612
301 523
302 522
309 601
310 600
309 330
310 329
309 792
310 791
329 396
330 395
329 750
330 749
359 368
360 367
359 533
360 532
361 495
362 494
361 479
362 478
361 655
362 654
404 662
405 661
404 615
405 614
404 409
405 408
404 952
405 951
422 752
423 751
422 707
423 706
422 455
423 454
422 742
423 741
491 504
492 503
491 603
492 602
491 730
492 729
507 692
508 691
507 559
508 558
507 882
508 881
513 624
514 623
513 892
514 891
590 686
591 685
590 700
591 699
595 731
596 730
595 727
596 726
595 744
596 743
598 787
599 786
598 705
599 704
598 743
599 742
598 840
599 839
629 812
630 811
629 755
630 754
629 943
630 942
676 920
677 919
676 896
677 895
676 776
677 775
678 826
679 825
678 695
679 694
678 945
679 944
678 893
679 892
678 857
679 856
708 732
709 731
708 860
709 859
724 817
725 816
724 855
725 854
724 849
725 848
736 820
737 819
736 938
737 937
736 785
737 784
736 768
737 767
736 963
737 962
773 957
774 956
773 947
774 946
847 908
848 907
847 926
848 925
847 916
848 915
847 931
848 930
868 940
869 939
868 901
869 900
868 930
869 929
868 981
869 980
868 955
869 954
