9
1 1 3 3 5 5 7 7 9 9 11 11 13 13 15 15 17 17 19 19 21 21 23 23 25 25 27 27 29 29 31 31 33 33 35 35 37 37 39 39 41 41 43 43 45 45 47 47 49 49 51 51 53 53 55 55 57 57 59 59 61 61 63 63 65 65 67 67 69 69 71 71 73 73 75 75 77 77 79 79 81 81 83 83 85 85 87 87 89 89 91 91 93 93 95 95 97 97 99 99 101 101 103 103 105 105 107 107 109 109 111 111 113 113 115 115 117 117 119 119 121 121 123 123 125 125 127 127 129 129 131 131 133 133 135 135 137 137 139 139 141 141 143 143 145 145 147 147 149 149 151 151 153 153 155 155 157 157 159 159 161 161 163 163 165 165 167 167 169 169 171 171 173 173 175 175 177 177 179 179 181 181 183 183 185 185 187 187 189 189 191 191 193 193 195 195 197 197 199 199 201 201 203 203 205 205 207 207 209 209 211 211 213 213 215 215 217 217 219 219 221 221 223 223 225 225 227 227 229 229 231 231 233 233 235 235 237 237 239 239 241 241 243 243 245 245 247 247 249 249 251 251 253 253 255 255 257 257 259 259 261 261 263 263 265 265 267 267 269 269 271 271 273 273 275 275 277 277 279 279 281 281 283 283 285 285 287 287 289 289 291 291 293 293 295 295 297 297 299 299 301 301 303 303 305 305 307 307 309 309 311 311 313 313 315 315 317 317 319 319 321 321 323 323 325 325 327 327 329 329 331 331 333 333 335 335 337 337 339 339 341 341 343 343 345 345 347 347 349 349 351 351 353 353 355 355 357 357 359 359 361 361 363 363 365 365 367 367 369 369 371 371 373 373 375 375 377 377 379 379 381 381 383 383 385 385 387 387 389 389 391 391 393 393 395 395 397 397 399 399 401 401 403 403 405 405 407 407 409 409 411 411 413 413 415 415 417 417 419 419 421 421 423 423 425 425 427 427 429 429 431 431 433 433 435 435 437 437 439 439 441 441 443 443 445 445 447 447 449 449 451 451 453 453 455 455 457 457 459 459 461 461 463 463 465 465 467 467 469 469 471 471 473 473 475 475 477 477 479 479 481 481 483 483 485 485 487 487 489 489 491 491 493 493 495 495 497 497 499 499 
2 2 6 6 10 10 14 14 18 18 22 22 26 26 30 30 34 34 38 38 42 42 46 46 50 50 54 54 58 58 62 62 66 66 70 70 74 74 78 78 82 82 86 86 90 90 94 94 98 98 102 102 106 106 110 110 114 114 118 118 122 122 126 126 130 130 134 134 138 138 142 142 146 146 150 150 154 154 158 158 162 162 166 166 170 170 174 174 178 178 182 182 186 186 190 190 194 194 198 198 202 202 206 206 210 210 214 214 218 218 222 222 226 226 230 230 234 234 238 238 242 242 246 246 250 250 254 254 258 258 262 262 266 266 270 270 274 274 278 278 282 282 286 286 290 290 294 294 298 298 302 302 306 306 310 310 314 314 318 318 322 322 326 326 330 330 334 334 338 338 342 342 346 346 350 350 354 354 358 358 362 362 366 366 370 370 374 374 378 378 382 382 386 386 390 390 394 394 398 398 402 402 406 406 410 410 414 414 418 418 422 422 426 426 430 430 434 434 438 438 442 442 446 446 450 450 454 454 458 458 462 462 466 466 470 470 474 474 478 478 482 482 486 486 490 490 494 494 498 498 
4 4 12 12 20 20 28 28 36 36 44 44 52 52 60 60 68 68 76 76 84 84 92 92 100 100 108 108 116 116 124 124 132 132 140 140 148 148 156 156 164 164 172 172 180 180 188 188 196 196 204 204 212 212 220 220 228 228 236 236 244 244 252 252 260 260 268 268 276 276 284 284 292 292 300 300 308 308 316 316 324 324 332 332 340 340 348 348 356 356 364 364 372 372 380 380 388 388 396 396 404 404 412 412 420 420 428 428 436 436 444 444 452 452 460 460 468 468 476 476 484 484 492 492 500 500 
8 8 24 24 40 40 56 56 72 72 88 88 104 104 120 120 136 136 152 152 168 168 184 184 200 200 216 216 232 232 248 248 264 264 280 280 296 296 312 312 328 328 344 344 360 360 376 376 392 392 408 408 424 424 440 440 456 456 472 472 488 488 
16 16 48 48 80 80 112 112 144 144 176 176 208 208 240 240 272 272 304 304 336 336 368 368 400 400 432 432 464 464 496 496 
32 32 96 96 160 160 224 224 288 288 352 352 416 416 480 480 
64 64 192 192 320 320 448 448 
128 128 384 384 
256 256 
